 DECOMPRESSION HISTORY
 TIME (S)    PRESSURE (Pa)   TEMPERATURE (Celsius)   DENSITY (kg/m^3)
 0.000        117013.0               23.0                 1.376
 0.001        113794.1               20.6                 1.349
 0.002        110676.0               18.3                 1.323
 0.003        107655.1               16.0                 1.297
 0.004        104728.1               13.8                 1.272
 0.005        101891.7               11.5                 1.247
 0.006         99142.8                9.3                 1.223
 0.007         96478.3                7.1                 1.199
 0.008         93895.3                4.9                 1.176
 0.009         91391.0                2.8                 1.154
 0.010         88962.8                0.7                 1.132
 0.011         86608.1               -1.4                 1.110
 0.012         84324.3               -3.5                 1.089
 0.013         82109.1               -5.5                 1.069
 0.014         79960.1               -7.5                 1.049
 0.015         77875.2               -9.5                 1.029
 0.016         75852.1              -11.5                 1.010
 0.017         73888.9              -13.5                 0.991
 0.018         71983.6              -15.4                 0.973
 0.019         70134.2              -17.3                 0.955
 0.020         68338.9              -19.2                 0.937
 0.021         66596.0              -21.0                 0.920
 0.022         64903.6              -22.9                 0.903
 0.023         63260.3              -24.7                 0.887
 0.024         61664.3              -26.5                 0.871
 0.025         60114.1              -28.3                 0.855
 0.026         58608.4              -30.1                 0.840
 0.027         57145.6              -31.8                 0.825
 0.028         55724.4              -33.6                 0.810
 0.029         54343.4              -35.3                 0.796
 0.030         53001.4              -37.0                 0.782
 0.031         51697.1              -38.6                 0.768
 0.032         50429.4              -40.3                 0.754
 0.033         49197.1              -41.9                 0.741
 0.034         47999.8              -43.6                 0.728
 0.035         46837.2              -45.2                 0.716
 0.036         45709.1              -46.8                 0.703
 0.037         44615.3              -48.3                 0.691
 0.038         43555.7              -49.9                 0.680
 0.039         42530.0              -51.4                 0.668
 0.040         41538.1              -52.9                 0.657
 0.041         40579.6              -54.3                 0.646
 0.042         39654.5              -55.8                 0.635
 0.043         38762.5              -57.2                 0.625
 0.044         37903.4              -58.5                 0.615
 0.045         37077.0              -59.9                 0.606
 0.046         36283.1              -61.2                 0.596
 0.047         35521.5              -62.5                 0.587
 0.048         34791.9              -63.7                 0.579
 0.049         34094.2              -64.9                 0.570
 0.050         33428.1              -66.1                 0.562
 0.051         32793.5              -67.2                 0.555
 0.052         32190.2              -68.3                 0.548
 0.053         31617.9              -69.4                 0.541
 0.054         31076.5              -70.4                 0.534
 0.055         30565.7              -71.3                 0.528
 0.056         30085.4              -72.3                 0.522
 0.057         29635.5              -73.1                 0.516
 0.058         29215.6              -73.9                 0.511
 0.059         28825.8              -74.7                 0.506
 0.060         28465.8              -75.4                 0.501
 0.061         28135.5              -76.1                 0.497
 0.062         27834.7              -76.7                 0.494
 0.063         27563.3              -77.2                 0.490
 0.064         27321.2              -77.7                 0.487
 0.065         27108.3              -78.1                 0.484
 0.066         26924.6              -78.5                 0.482
 0.067         26769.8              -78.8                 0.480
 0.068         26644.0              -79.1                 0.478
 0.069         26547.1              -79.3                 0.477
 0.070         26479.0              -79.4                 0.476
 0.071         26440.2              -79.5                 0.476
 0.072         26433.9              -79.5                 0.476
 0.073         26432.2              -79.5                 0.476
 0.074         26431.7              -79.5                 0.476
 0.075         26431.6              -79.5                 0.476
 0.076         26431.5              -79.5                 0.476
 0.077         26431.5              -79.5                 0.476
 0.078         26431.5              -79.5                 0.476
 0.079         26431.5              -79.5                 0.476
 0.080         26431.5              -79.5                 0.476
 0.081         26431.5              -79.5                 0.476
 0.082         26431.5              -79.5                 0.476
 0.083         26431.5              -79.5                 0.476
 0.084         26431.5              -79.5                 0.476
 0.085         26431.5              -79.5                 0.476
 0.086         26431.5              -79.5                 0.476
 0.087         26431.5              -79.5                 0.476
 0.088         26431.5              -79.5                 0.476
 0.089         26431.5              -79.5                 0.476
 0.090         26431.5              -79.5                 0.476
 0.091         26431.5              -79.5                 0.476
 0.092         26431.5              -79.5                 0.476
 0.093         26431.5              -79.5                 0.476
 0.094         26431.5              -79.5                 0.476
 0.095         26431.5              -79.5                 0.476
 0.096         26431.5              -79.5                 0.476
 0.097         26431.5              -79.5                 0.476
 0.098         26431.5              -79.5                 0.476
 0.099         26431.5              -79.5                 0.476
 0.100         26431.5              -79.5                 0.476
 0.101         26431.5              -79.5                 0.476
 0.102         26431.5              -79.5                 0.476
 0.103         26431.5              -79.5                 0.476
 0.104         26431.5              -79.5                 0.476
 0.105         26431.5              -79.5                 0.476
 0.106         26431.5              -79.5                 0.476
 0.107         26431.5              -79.5                 0.476
 0.108         26431.5              -79.5                 0.476
 0.109         26431.5              -79.5                 0.476
 0.110         26431.5              -79.5                 0.476
 0.111         26431.5              -79.5                 0.476
 0.112         26431.5              -79.5                 0.476
 0.113         26431.5              -79.5                 0.476
 0.114         26431.5              -79.5                 0.476
 0.115         26431.5              -79.5                 0.476
 0.116         26431.5              -79.5                 0.476
 0.117         26431.5              -79.5                 0.476
 0.118         26431.5              -79.5                 0.476
 0.119         26431.5              -79.5                 0.476
 0.120         26431.5              -79.5                 0.476
 0.121         26431.5              -79.5                 0.476
 0.122         26431.5              -79.5                 0.476
 0.123         26431.5              -79.5                 0.476
 0.124         26431.5              -79.5                 0.476
 0.125         26431.5              -79.5                 0.476
 0.126         26431.5              -79.5                 0.476
 0.127         26431.5              -79.5                 0.476
 0.128         26431.5              -79.5                 0.476
 0.129         26431.5              -79.5                 0.476
 0.130         26431.5              -79.5                 0.476
 0.131         26431.5              -79.5                 0.476
 0.132         26431.5              -79.5                 0.476
 0.133         26431.5              -79.5                 0.476
 0.134         26431.5              -79.5                 0.476
 0.135         26431.5              -79.5                 0.476
 0.136         26431.5              -79.5                 0.476
 0.137         26431.5              -79.5                 0.476
 0.138         26431.5              -79.5                 0.476
 0.139         26431.5              -79.5                 0.476
 0.140         26431.5              -79.5                 0.476
 0.141         26431.5              -79.5                 0.476
 0.142         26431.5              -79.5                 0.476
 0.143         26431.5              -79.5                 0.476
 0.144         26431.5              -79.5                 0.476
 0.145         26431.5              -79.5                 0.476
 0.146         26431.5              -79.5                 0.476
 0.147         26431.5              -79.5                 0.476
 0.148         26431.5              -79.5                 0.476
 0.149         26431.5              -79.5                 0.476
 0.150         26431.5              -79.5                 0.476
 0.151         26431.5              -79.5                 0.476
 0.152         26431.5              -79.5                 0.476
 0.153         26431.5              -79.5                 0.476
 0.154         26431.5              -79.5                 0.476
 0.155         26431.5              -79.5                 0.476
 0.156         26431.5              -79.5                 0.476
 0.157         26431.5              -79.5                 0.476
 0.158         26431.5              -79.5                 0.476
 0.159         26431.5              -79.5                 0.476
 0.160         26431.5              -79.5                 0.476
 0.161         26431.5              -79.5                 0.476
 0.162         26431.5              -79.5                 0.476
 0.163         26431.5              -79.5                 0.476
 0.164         26431.5              -79.5                 0.476
 0.165         26431.5              -79.5                 0.476
 0.166         26431.5              -79.5                 0.476
 0.167         26431.5              -79.5                 0.476
 0.168         26431.5              -79.5                 0.476
 0.169         26431.5              -79.5                 0.476
 0.170         26431.5              -79.5                 0.476
 0.171         26431.5              -79.5                 0.476
 0.172         26431.5              -79.5                 0.476
 0.173         26431.5              -79.5                 0.476
 0.174         26431.5              -79.5                 0.476
 0.175         26431.5              -79.5                 0.476
 0.176         26431.5              -79.5                 0.476
 0.177         26431.5              -79.5                 0.476
 0.178         26431.5              -79.5                 0.476
 0.179         26431.5              -79.5                 0.476
 0.180         26431.5              -79.5                 0.476
 0.181         26431.5              -79.5                 0.476
 0.182         26431.5              -79.5                 0.476
 0.183         26431.5              -79.5                 0.476
 0.184         26431.5              -79.5                 0.476
 0.185         26431.5              -79.5                 0.476
 0.186         26431.5              -79.5                 0.476
 0.187         26431.5              -79.5                 0.476
 0.188         26431.5              -79.5                 0.476
 0.189         26431.5              -79.5                 0.476
 0.190         26431.5              -79.5                 0.476
 0.191         26431.5              -79.5                 0.476
 0.192         26431.5              -79.5                 0.476
 0.193         26431.5              -79.5                 0.476
 0.194         26431.5              -79.5                 0.476
 0.195         26431.5              -79.5                 0.476
 0.196         26431.5              -79.5                 0.476
 0.197         26431.5              -79.5                 0.476
 0.198         26431.5              -79.5                 0.476
 0.199         26431.5              -79.5                 0.476
 0.200         26431.5              -79.5                 0.476
 0.201         26431.5              -79.5                 0.476
 0.202         26431.5              -79.5                 0.476
 0.203         26431.5              -79.5                 0.476
 0.204         26431.5              -79.5                 0.476
 0.205         26431.5              -79.5                 0.476
 0.206         26431.5              -79.5                 0.476
 0.207         26431.5              -79.5                 0.476
 0.208         26431.5              -79.5                 0.476
 0.209         26431.5              -79.5                 0.476
 0.210         26431.5              -79.5                 0.476
 0.211         26431.5              -79.5                 0.476
 0.212         26431.5              -79.5                 0.476
 0.213         26431.5              -79.5                 0.476
 0.214         26431.5              -79.5                 0.476
 0.215         26431.5              -79.5                 0.476
 0.216         26431.5              -79.5                 0.476
 0.217         26431.5              -79.5                 0.476
 0.218         26431.5              -79.5                 0.476
 0.219         26431.5              -79.5                 0.476
 0.220         26431.5              -79.5                 0.476
 0.221         26431.5              -79.5                 0.476
 0.222         26431.5              -79.5                 0.476
 0.223         26431.5              -79.5                 0.476
 0.224         26431.5              -79.5                 0.476
 0.225         26431.5              -79.5                 0.476
 0.226         26431.5              -79.5                 0.476
 0.227         26431.5              -79.5                 0.476
 0.228         26431.5              -79.5                 0.476
 0.229         26431.5              -79.5                 0.476
 0.230         26431.5              -79.5                 0.476
 0.231         26431.5              -79.5                 0.476
 0.232         26431.5              -79.5                 0.476
 0.233         26431.5              -79.5                 0.476
 0.234         26431.5              -79.5                 0.476
 0.235         26431.5              -79.5                 0.476
 0.236         26431.5              -79.5                 0.476
 0.237         26431.5              -79.5                 0.476
 0.238         26431.5              -79.5                 0.476
 0.239         26431.5              -79.5                 0.476
 0.240         26431.5              -79.5                 0.476
 0.241         26431.5              -79.5                 0.476
 0.242         26431.5              -79.5                 0.476
 0.243         26431.5              -79.5                 0.476
 0.244         26431.5              -79.5                 0.476
 0.245         26431.5              -79.5                 0.476
 0.246         26431.5              -79.5                 0.476
 0.247         26431.5              -79.5                 0.476
 0.248         26431.5              -79.5                 0.476
 0.249         26431.5              -79.5                 0.476
 0.250         26431.5              -79.5                 0.476
 0.251         26431.5              -79.5                 0.476
 0.252         26431.5              -79.5                 0.476
 0.253         26431.5              -79.5                 0.476
 0.254         26431.5              -79.5                 0.476
 0.255         26431.5              -79.5                 0.476
 0.256         26431.5              -79.5                 0.476
 0.257         26431.5              -79.5                 0.476
 0.258         26431.5              -79.5                 0.476
 0.259         26431.5              -79.5                 0.476
 0.260         26431.5              -79.5                 0.476
 0.261         26431.5              -79.5                 0.476
 0.262         26431.5              -79.5                 0.476
 0.263         26431.5              -79.5                 0.476
 0.264         26431.5              -79.5                 0.476
 0.265         26431.5              -79.5                 0.476
 0.266         26431.5              -79.5                 0.476
 0.267         26431.5              -79.5                 0.476
 0.268         26431.5              -79.5                 0.476
 0.269         26431.5              -79.5                 0.476
 0.270         26431.5              -79.5                 0.476
 0.271         26431.5              -79.5                 0.476
 0.272         26431.5              -79.5                 0.476
 0.273         26431.5              -79.5                 0.476
 0.274         26431.5              -79.5                 0.476
 0.275         26431.5              -79.5                 0.476
 0.276         26431.5              -79.5                 0.476
 0.277         26431.5              -79.5                 0.476
 0.278         26431.5              -79.5                 0.476
 0.279         26431.5              -79.5                 0.476
 0.280         26431.5              -79.5                 0.476
 0.281         26431.5              -79.5                 0.476
 0.282         26431.5              -79.5                 0.476
 0.283         26431.5              -79.5                 0.476
 0.284         26431.5              -79.5                 0.476
 0.285         26431.5              -79.5                 0.476
 0.286         26431.5              -79.5                 0.476
 0.287         26431.5              -79.5                 0.476
 0.288         26431.5              -79.5                 0.476
 0.289         26431.5              -79.5                 0.476
 0.290         26431.5              -79.5                 0.476
 0.291         26431.5              -79.5                 0.476
 0.292         26431.5              -79.5                 0.476
 0.293         26431.5              -79.5                 0.476
 0.294         26431.5              -79.5                 0.476
 0.295         26431.5              -79.5                 0.476
 0.296         26431.5              -79.5                 0.476
 0.297         26431.5              -79.5                 0.476
 0.298         26431.5              -79.5                 0.476
 0.299         26431.5              -79.5                 0.476
 0.300         26431.5              -79.5                 0.476
 0.301         26431.5              -79.5                 0.476
 0.302         26431.5              -79.5                 0.476
 0.303         26431.5              -79.5                 0.476
 0.304         26431.5              -79.5                 0.476
 0.305         26431.5              -79.5                 0.476
 0.306         26431.5              -79.5                 0.476
 0.307         26431.5              -79.5                 0.476
 0.308         26431.5              -79.5                 0.476
 0.309         26431.5              -79.5                 0.476
 0.310         26431.5              -79.5                 0.476
 0.311         26431.5              -79.5                 0.476
 0.312         26431.5              -79.5                 0.476
 0.313         26431.5              -79.5                 0.476
 0.314         26431.5              -79.5                 0.476
 0.315         26431.5              -79.5                 0.476
 0.316         26431.5              -79.5                 0.476
 0.317         26431.5              -79.5                 0.476
 0.318         26431.5              -79.5                 0.476
 0.319         26431.5              -79.5                 0.476
 0.320         26431.5              -79.5                 0.476
 0.321         26431.5              -79.5                 0.476
 0.322         26431.5              -79.5                 0.476
 0.323         26431.5              -79.5                 0.476
 0.324         26431.5              -79.5                 0.476
 0.325         26431.5              -79.5                 0.476
 0.326         26431.5              -79.5                 0.476
 0.327         26431.5              -79.5                 0.476
 0.328         26431.5              -79.5                 0.476
 0.329         26431.5              -79.5                 0.476
 0.330         26431.5              -79.5                 0.476
 0.331         26431.5              -79.5                 0.476
 0.332         26431.5              -79.5                 0.476
 0.333         26431.5              -79.5                 0.476
 0.334         26431.5              -79.5                 0.476
 0.335         26431.5              -79.5                 0.476
 0.336         26431.5              -79.5                 0.476
 0.337         26431.5              -79.5                 0.476
 0.338         26431.5              -79.5                 0.476
 0.339         26431.5              -79.5                 0.476
 0.340         26431.5              -79.5                 0.476
 0.341         26431.5              -79.5                 0.476
 0.342         26431.5              -79.5                 0.476
 0.343         26431.5              -79.5                 0.476
 0.344         26431.5              -79.5                 0.476
 0.345         26431.5              -79.5                 0.476
 0.346         26431.5              -79.5                 0.476
 0.347         26431.5              -79.5                 0.476
 0.348         26431.5              -79.5                 0.476
 0.349         26431.5              -79.5                 0.476
 0.350         26431.5              -79.5                 0.476
 0.351         26431.5              -79.5                 0.476
 0.352         26431.5              -79.5                 0.476
 0.353         26431.5              -79.5                 0.476
 0.354         26431.5              -79.5                 0.476
 0.355         26431.5              -79.5                 0.476
 0.356         26431.5              -79.5                 0.476
 0.357         26431.5              -79.5                 0.476
 0.358         26431.5              -79.5                 0.476
 0.359         26431.5              -79.5                 0.476
 0.360         26431.5              -79.5                 0.476
 0.361         26431.5              -79.5                 0.476
 0.362         26431.5              -79.5                 0.476
 0.363         26431.5              -79.5                 0.476
 0.364         26431.5              -79.5                 0.476
 0.365         26431.5              -79.5                 0.476
 0.366         26431.5              -79.5                 0.476
 0.367         26431.5              -79.5                 0.476
 0.368         26431.5              -79.5                 0.476
 0.369         26431.5              -79.5                 0.476
 0.370         26431.5              -79.5                 0.476
 0.371         26431.5              -79.5                 0.476
 0.372         26431.5              -79.5                 0.476
 0.373         26431.5              -79.5                 0.476
 0.374         26431.5              -79.5                 0.476
 0.375         26431.5              -79.5                 0.476
 0.376         26431.5              -79.5                 0.476
 0.377         26431.5              -79.5                 0.476
 0.378         26431.5              -79.5                 0.476
 0.379         26431.5              -79.5                 0.476
 0.380         26431.5              -79.5                 0.476
 0.381         26431.5              -79.5                 0.476
 0.382         26431.5              -79.5                 0.476
 0.383         26431.5              -79.5                 0.476
 0.384         26431.5              -79.5                 0.476
 0.385         26431.5              -79.5                 0.476
 0.386         26431.5              -79.5                 0.476
 0.387         26431.5              -79.5                 0.476
 0.388         26431.5              -79.5                 0.476
 0.389         26431.5              -79.5                 0.476
 0.390         26431.5              -79.5                 0.476
 0.391         26431.5              -79.5                 0.476
 0.392         26431.5              -79.5                 0.476
 0.393         26431.5              -79.5                 0.476
 0.394         26431.5              -79.5                 0.476
 0.395         26431.5              -79.5                 0.476
 0.396         26431.5              -79.5                 0.476
 0.397         26431.5              -79.5                 0.476
 0.398         26431.5              -79.5                 0.476
 0.399         26431.5              -79.5                 0.476
 0.400         26431.5              -79.5                 0.476
 0.401         26431.5              -79.5                 0.476
 0.402         26431.5              -79.5                 0.476
 0.403         26431.5              -79.5                 0.476
 0.404         26431.5              -79.5                 0.476
 0.405         26431.5              -79.5                 0.476
 0.406         26431.5              -79.5                 0.476
 0.407         26431.5              -79.5                 0.476
 0.408         26431.5              -79.5                 0.476
 0.409         26431.5              -79.5                 0.476
 0.410         26431.5              -79.5                 0.476
 0.411         26431.5              -79.5                 0.476
 0.412         26431.5              -79.5                 0.476
 0.413         26431.5              -79.5                 0.476
 0.414         26431.5              -79.5                 0.476
 0.415         26431.5              -79.5                 0.476
 0.416         26431.5              -79.5                 0.476
 0.417         26431.5              -79.5                 0.476
 0.418         26431.5              -79.5                 0.476
 0.419         26431.5              -79.5                 0.476
 0.420         26431.5              -79.5                 0.476
 0.421         26431.5              -79.5                 0.476
 0.422         26431.5              -79.5                 0.476
 0.423         26431.5              -79.5                 0.476
 0.424         26431.5              -79.5                 0.476
 0.425         26431.5              -79.5                 0.476
 0.426         26431.5              -79.5                 0.476
 0.427         26431.5              -79.5                 0.476
 0.428         26431.5              -79.5                 0.476
 0.429         26431.5              -79.5                 0.476
 0.430         26431.5              -79.5                 0.476
 0.431         26431.5              -79.5                 0.476
 0.432         26431.5              -79.5                 0.476
 0.433         26431.5              -79.5                 0.476
 0.434         26431.5              -79.5                 0.476
 0.435         26431.5              -79.5                 0.476
 0.436         26431.5              -79.5                 0.476
 0.437         26431.5              -79.5                 0.476
 0.438         26431.5              -79.5                 0.476
 0.439         26431.5              -79.5                 0.476
 0.440         26431.5              -79.5                 0.476
 0.441         26431.5              -79.5                 0.476
 0.442         26431.5              -79.5                 0.476
 0.443         26431.5              -79.5                 0.476
 0.444         26431.5              -79.5                 0.476
 0.445         26431.5              -79.5                 0.476
 0.446         26431.5              -79.5                 0.476
 0.447         26431.5              -79.5                 0.476
 0.448         26431.5              -79.5                 0.476
 0.449         26431.5              -79.5                 0.476
 0.450         26431.5              -79.5                 0.476
 0.451         26431.5              -79.5                 0.476
 0.452         26431.5              -79.5                 0.476
 0.453         26431.5              -79.5                 0.476
 0.454         26431.5              -79.5                 0.476
 0.455         26431.5              -79.5                 0.476
 0.456         26431.5              -79.5                 0.476
 0.457         26431.5              -79.5                 0.476
 0.458         26431.5              -79.5                 0.476
 0.459         26431.5              -79.5                 0.476
 0.460         26431.5              -79.5                 0.476
 0.461         26431.5              -79.5                 0.476
 0.462         26431.5              -79.5                 0.476
 0.463         26431.5              -79.5                 0.476
 0.464         26431.5              -79.5                 0.476
 0.465         26431.5              -79.5                 0.476
 0.466         26431.5              -79.5                 0.476
 0.467         26431.5              -79.5                 0.476
 0.468         26431.5              -79.5                 0.476
 0.469         26431.5              -79.5                 0.476
 0.470         26431.5              -79.5                 0.476
 0.471         26431.5              -79.5                 0.476
 0.472         26431.5              -79.5                 0.476
 0.473         26431.5              -79.5                 0.476
 0.474         26431.5              -79.5                 0.476
 0.475         26431.5              -79.5                 0.476
 0.476         26431.5              -79.5                 0.476
 0.477         26431.5              -79.5                 0.476
 0.478         26431.5              -79.5                 0.476
 0.479         26431.5              -79.5                 0.476
 0.480         26431.5              -79.5                 0.476
 0.481         26431.5              -79.5                 0.476
 0.482         26431.5              -79.5                 0.476
 0.483         26431.5              -79.5                 0.476
 0.484         26431.5              -79.5                 0.476
 0.485         26431.5              -79.5                 0.476
 0.486         26431.5              -79.5                 0.476
 0.487         26431.5              -79.5                 0.476
 0.488         26431.5              -79.5                 0.476
 0.489         26431.5              -79.5                 0.476
 0.490         26431.5              -79.5                 0.476
 0.491         26431.5              -79.5                 0.476
 0.492         26431.5              -79.5                 0.476
 0.493         26431.5              -79.5                 0.476
 0.494         26431.5              -79.5                 0.476
 0.495         26431.5              -79.5                 0.476
 0.496         26431.5              -79.5                 0.476
 0.497         26431.5              -79.5                 0.476
 0.498         26431.5              -79.5                 0.476
 0.499         26431.5              -79.5                 0.476
 0.500         26431.5              -79.5                 0.476
 0.501         26431.5              -79.5                 0.476
 0.502         26431.5              -79.5                 0.476
 0.503         26431.5              -79.5                 0.476
 0.504         26431.5              -79.5                 0.476
 0.505         26431.5              -79.5                 0.476
 0.506         26431.5              -79.5                 0.476
 0.507         26431.5              -79.5                 0.476
 0.508         26431.5              -79.5                 0.476
 0.509         26431.5              -79.5                 0.476
 0.510         26431.5              -79.5                 0.476
 0.511         26431.5              -79.5                 0.476
 0.512         26431.5              -79.5                 0.476
 0.513         26431.5              -79.5                 0.476
 0.514         26431.5              -79.5                 0.476
 0.515         26431.5              -79.5                 0.476
 0.516         26431.5              -79.5                 0.476
 0.517         26431.5              -79.5                 0.476
 0.518         26431.5              -79.5                 0.476
 0.519         26431.5              -79.5                 0.476
 0.520         26431.5              -79.5                 0.476
 0.521         26431.5              -79.5                 0.476
 0.522         26431.5              -79.5                 0.476
 0.523         26431.5              -79.5                 0.476
 0.524         26431.5              -79.5                 0.476
 0.525         26431.5              -79.5                 0.476
 0.526         26431.5              -79.5                 0.476
 0.527         26431.5              -79.5                 0.476
 0.528         26431.5              -79.5                 0.476
 0.529         26431.5              -79.5                 0.476
 0.530         26431.5              -79.5                 0.476
 0.531         26431.5              -79.5                 0.476
 0.532         26431.5              -79.5                 0.476
 0.533         26431.5              -79.5                 0.476
 0.534         26431.5              -79.5                 0.476
 0.535         26431.5              -79.5                 0.476
 0.536         26431.5              -79.5                 0.476
 0.537         26431.5              -79.5                 0.476
 0.538         26431.5              -79.5                 0.476
 0.539         26431.5              -79.5                 0.476
 0.540         26431.5              -79.5                 0.476
 0.541         26431.5              -79.5                 0.476
 0.542         26431.5              -79.5                 0.476
 0.543         26431.5              -79.5                 0.476
 0.544         26431.5              -79.5                 0.476
 0.545         26431.5              -79.5                 0.476
 0.546         26431.5              -79.5                 0.476
 0.547         26431.5              -79.5                 0.476
 0.548         26431.5              -79.5                 0.476
 0.549         26431.5              -79.5                 0.476
 0.550         26431.5              -79.5                 0.476
 0.551         26431.5              -79.5                 0.476
 0.552         26431.5              -79.5                 0.476
 0.553         26431.5              -79.5                 0.476
 0.554         26431.5              -79.5                 0.476
 0.555         26431.5              -79.5                 0.476
 0.556         26431.5              -79.5                 0.476
 0.557         26431.5              -79.5                 0.476
 0.558         26431.5              -79.5                 0.476
 0.559         26431.5              -79.5                 0.476
 0.560         26431.5              -79.5                 0.476
 0.561         26431.5              -79.5                 0.476
 0.562         26431.5              -79.5                 0.476
 0.563         26431.5              -79.5                 0.476
 0.564         26431.5              -79.5                 0.476
 0.565         26431.5              -79.5                 0.476
 0.566         26431.5              -79.5                 0.476
 0.567         26431.5              -79.5                 0.476
 0.568         26431.5              -79.5                 0.476
 0.569         26431.5              -79.5                 0.476
 0.570         26431.5              -79.5                 0.476
 0.571         26431.5              -79.5                 0.476
 0.572         26431.5              -79.5                 0.476
 0.573         26431.5              -79.5                 0.476
 0.574         26431.5              -79.5                 0.476
 0.575         26431.5              -79.5                 0.476
 0.576         26431.5              -79.5                 0.476
 0.577         26431.5              -79.5                 0.476
 0.578         26431.5              -79.5                 0.476
 0.579         26431.5              -79.5                 0.476
 0.580         26431.5              -79.5                 0.476
 0.581         26431.5              -79.5                 0.476
 0.582         26431.5              -79.5                 0.476
 0.583         26431.5              -79.5                 0.476
 0.584         26431.5              -79.5                 0.476
 0.585         26431.5              -79.5                 0.476
 0.586         26431.5              -79.5                 0.476
 0.587         26431.5              -79.5                 0.476
 0.588         26431.5              -79.5                 0.476
 0.589         26431.5              -79.5                 0.476
 0.590         26431.5              -79.5                 0.476
 0.591         26431.5              -79.5                 0.476
 0.592         26431.5              -79.5                 0.476
 0.593         26431.5              -79.5                 0.476
 0.594         26431.5              -79.5                 0.476
 0.595         26431.5              -79.5                 0.476
 0.596         26431.5              -79.5                 0.476
 0.597         26431.5              -79.5                 0.476
 0.598         26431.5              -79.5                 0.476
 0.599         26431.5              -79.5                 0.476
 0.600         26431.5              -79.5                 0.476
 0.601         26431.5              -79.5                 0.476
 0.602         26431.5              -79.5                 0.476
 0.603         26431.5              -79.5                 0.476
 0.604         26431.5              -79.5                 0.476
 0.605         26431.5              -79.5                 0.476
 0.606         26431.5              -79.5                 0.476
 0.607         26431.5              -79.5                 0.476
 0.608         26431.5              -79.5                 0.476
 0.609         26431.5              -79.5                 0.476
 0.610         26431.5              -79.5                 0.476
 0.611         26431.5              -79.5                 0.476
 0.612         26431.5              -79.5                 0.476
 0.613         26431.5              -79.5                 0.476
 0.614         26431.5              -79.5                 0.476
 0.615         26431.5              -79.5                 0.476
 0.616         26431.5              -79.5                 0.476
 0.617         26431.5              -79.5                 0.476
 0.618         26431.5              -79.5                 0.476
 0.619         26431.5              -79.5                 0.476
 0.620         26431.5              -79.5                 0.476
 0.621         26431.5              -79.5                 0.476
 0.622         26431.5              -79.5                 0.476
 0.623         26431.5              -79.5                 0.476
 0.624         26431.5              -79.5                 0.476
 0.625         26431.5              -79.5                 0.476
 0.626         26431.5              -79.5                 0.476
 0.627         26431.5              -79.5                 0.476
 0.628         26431.5              -79.5                 0.476
 0.629         26431.5              -79.5                 0.476
 0.630         26431.5              -79.5                 0.476
 0.631         26431.5              -79.5                 0.476
 0.632         26431.5              -79.5                 0.476
 0.633         26431.5              -79.5                 0.476
 0.634         26431.5              -79.5                 0.476
 0.635         26431.5              -79.5                 0.476
 0.636         26431.5              -79.5                 0.476
 0.637         26431.5              -79.5                 0.476
 0.638         26431.5              -79.5                 0.476
 0.639         26431.5              -79.5                 0.476
 0.640         26431.5              -79.5                 0.476
 0.641         26431.5              -79.5                 0.476
 0.642         26431.5              -79.5                 0.476
 0.643         26431.5              -79.5                 0.476
 0.644         26431.5              -79.5                 0.476
 0.645         26431.5              -79.5                 0.476
 0.646         26431.5              -79.5                 0.476
 0.647         26431.5              -79.5                 0.476
 0.648         26431.5              -79.5                 0.476
 0.649         26431.5              -79.5                 0.476
 0.650         26431.5              -79.5                 0.476
 0.651         26431.5              -79.5                 0.476
 0.652         26431.5              -79.5                 0.476
 0.653         26431.5              -79.5                 0.476
 0.654         26431.5              -79.5                 0.476
 0.655         26431.5              -79.5                 0.476
 0.656         26431.5              -79.5                 0.476
 0.657         26431.5              -79.5                 0.476
 0.658         26431.5              -79.5                 0.476
 0.659         26431.5              -79.5                 0.476
 0.660         26431.5              -79.5                 0.476
 0.661         26431.5              -79.5                 0.476
 0.662         26431.5              -79.5                 0.476
 0.663         26431.5              -79.5                 0.476
 0.664         26431.5              -79.5                 0.476
 0.665         26431.5              -79.5                 0.476
 0.666         26431.5              -79.5                 0.476
 0.667         26431.5              -79.5                 0.476
 0.668         26431.5              -79.5                 0.476
 0.669         26431.5              -79.5                 0.476
 0.670         26431.5              -79.5                 0.476
 0.671         26431.5              -79.5                 0.476
 0.672         26431.5              -79.5                 0.476
 0.673         26431.5              -79.5                 0.476
 0.674         26431.5              -79.5                 0.476
 0.675         26431.5              -79.5                 0.476
 0.676         26431.5              -79.5                 0.476
 0.677         26431.5              -79.5                 0.476
 0.678         26431.5              -79.5                 0.476
 0.679         26431.5              -79.5                 0.476
 0.680         26431.5              -79.5                 0.476
 0.681         26431.5              -79.5                 0.476
 0.682         26431.5              -79.5                 0.476
 0.683         26431.5              -79.5                 0.476
 0.684         26431.5              -79.5                 0.476
 0.685         26431.5              -79.5                 0.476
 0.686         26431.5              -79.5                 0.476
 0.687         26431.5              -79.5                 0.476
 0.688         26431.5              -79.5                 0.476
 0.689         26431.5              -79.5                 0.476
 0.690         26431.5              -79.5                 0.476
 0.691         26431.5              -79.5                 0.476
 0.692         26431.5              -79.5                 0.476
 0.693         26431.5              -79.5                 0.476
 0.694         26431.5              -79.5                 0.476
 0.695         26431.5              -79.5                 0.476
 0.696         26431.5              -79.5                 0.476
 0.697         26431.5              -79.5                 0.476
 0.698         26431.5              -79.5                 0.476
 0.699         26431.5              -79.5                 0.476
 0.700         26431.5              -79.5                 0.476
 0.701         26431.5              -79.5                 0.476
 0.702         26431.5              -79.5                 0.476
 0.703         26431.5              -79.5                 0.476
 0.704         26431.5              -79.5                 0.476
 0.705         26431.5              -79.5                 0.476
 0.706         26431.5              -79.5                 0.476
 0.707         26431.5              -79.5                 0.476
 0.708         26431.5              -79.5                 0.476
 0.709         26431.5              -79.5                 0.476
 0.710         26431.5              -79.5                 0.476
 0.711         26431.5              -79.5                 0.476
 0.712         26431.5              -79.5                 0.476
 0.713         26431.5              -79.5                 0.476
 0.714         26431.5              -79.5                 0.476
 0.715         26431.5              -79.5                 0.476
 0.716         26431.5              -79.5                 0.476
 0.717         26431.5              -79.5                 0.476
 0.718         26431.5              -79.5                 0.476
 0.719         26431.5              -79.5                 0.476
 0.720         26431.5              -79.5                 0.476
 0.721         26431.5              -79.5                 0.476
 0.722         26431.5              -79.5                 0.476
 0.723         26431.5              -79.5                 0.476
 0.724         26431.5              -79.5                 0.476
 0.725         26431.5              -79.5                 0.476
 0.726         26431.5              -79.5                 0.476
 0.727         26431.5              -79.5                 0.476
 0.728         26431.5              -79.5                 0.476
 0.729         26431.5              -79.5                 0.476
 0.730         26431.5              -79.5                 0.476
 0.731         26431.5              -79.5                 0.476
 0.732         26431.5              -79.5                 0.476
 0.733         26431.5              -79.5                 0.476
 0.734         26431.5              -79.5                 0.476
 0.735         26431.5              -79.5                 0.476
 0.736         26431.5              -79.5                 0.476
 0.737         26431.5              -79.5                 0.476
 0.738         26431.5              -79.5                 0.476
 0.739         26431.5              -79.5                 0.476
 0.740         26431.5              -79.5                 0.476
 0.741         26431.5              -79.5                 0.476
 0.742         26431.5              -79.5                 0.476
 0.743         26431.5              -79.5                 0.476
 0.744         26431.5              -79.5                 0.476
 0.745         26431.5              -79.5                 0.476
 0.746         26431.5              -79.5                 0.476
 0.747         26431.5              -79.5                 0.476
 0.748         26431.5              -79.5                 0.476
 0.749         26431.5              -79.5                 0.476
 0.750         26431.5              -79.5                 0.476
 0.751         26431.5              -79.5                 0.476
 0.752         26431.5              -79.5                 0.476
 0.753         26431.5              -79.5                 0.476
 0.754         26431.5              -79.5                 0.476
 0.755         26431.5              -79.5                 0.476
 0.756         26431.5              -79.5                 0.476
 0.757         26431.5              -79.5                 0.476
 0.758         26431.5              -79.5                 0.476
 0.759         26431.5              -79.5                 0.476
 0.760         26431.5              -79.5                 0.476
 0.761         26431.5              -79.5                 0.476
 0.762         26431.5              -79.5                 0.476
 0.763         26431.5              -79.5                 0.476
 0.764         26431.5              -79.5                 0.476
 0.765         26431.5              -79.5                 0.476
 0.766         26431.5              -79.5                 0.476
 0.767         26431.5              -79.5                 0.476
 0.768         26431.5              -79.5                 0.476
 0.769         26431.5              -79.5                 0.476
 0.770         26431.5              -79.5                 0.476
 0.771         26431.5              -79.5                 0.476
 0.772         26431.5              -79.5                 0.476
 0.773         26431.5              -79.5                 0.476
 0.774         26431.5              -79.5                 0.476
 0.775         26431.5              -79.5                 0.476
 0.776         26431.5              -79.5                 0.476
 0.777         26431.5              -79.5                 0.476
 0.778         26431.5              -79.5                 0.476
 0.779         26431.5              -79.5                 0.476
 0.780         26431.5              -79.5                 0.476
 0.781         26431.5              -79.5                 0.476
 0.782         26431.5              -79.5                 0.476
 0.783         26431.5              -79.5                 0.476
 0.784         26431.5              -79.5                 0.476
 0.785         26431.5              -79.5                 0.476
 0.786         26431.5              -79.5                 0.476
 0.787         26431.5              -79.5                 0.476
 0.788         26431.5              -79.5                 0.476
 0.789         26431.5              -79.5                 0.476
 0.790         26431.5              -79.5                 0.476
 0.791         26431.5              -79.5                 0.476
 0.792         26431.5              -79.5                 0.476
 0.793         26431.5              -79.5                 0.476
 0.794         26431.5              -79.5                 0.476
 0.795         26431.5              -79.5                 0.476
 0.796         26431.5              -79.5                 0.476
 0.797         26431.5              -79.5                 0.476
 0.798         26431.5              -79.5                 0.476
 0.799         26431.5              -79.5                 0.476
 0.800         26431.5              -79.5                 0.476
 0.801         26431.5              -79.5                 0.476
 0.802         26431.5              -79.5                 0.476
 0.803         26431.5              -79.5                 0.476
 0.804         26431.5              -79.5                 0.476
 0.805         26431.5              -79.5                 0.476
 0.806         26431.5              -79.5                 0.476
 0.807         26431.5              -79.5                 0.476
 0.808         26431.5              -79.5                 0.476
 0.809         26431.5              -79.5                 0.476
 0.810         26431.5              -79.5                 0.476
 0.811         26431.5              -79.5                 0.476
 0.812         26431.5              -79.5                 0.476
 0.813         26431.5              -79.5                 0.476
 0.814         26431.5              -79.5                 0.476
 0.815         26431.5              -79.5                 0.476
 0.816         26431.5              -79.5                 0.476
 0.817         26431.5              -79.5                 0.476
 0.818         26431.5              -79.5                 0.476
 0.819         26431.5              -79.5                 0.476
 0.820         26431.5              -79.5                 0.476
 0.821         26431.5              -79.5                 0.476
 0.822         26431.5              -79.5                 0.476
 0.823         26431.5              -79.5                 0.476
 0.824         26431.5              -79.5                 0.476
 0.825         26431.5              -79.5                 0.476
 0.826         26431.5              -79.5                 0.476
 0.827         26431.5              -79.5                 0.476
 0.828         26431.5              -79.5                 0.476
 0.829         26431.5              -79.5                 0.476
 0.830         26431.5              -79.5                 0.476
 0.831         26431.5              -79.5                 0.476
 0.832         26431.5              -79.5                 0.476
 0.833         26431.5              -79.5                 0.476
 0.834         26431.5              -79.5                 0.476
 0.835         26431.5              -79.5                 0.476
 0.836         26431.5              -79.5                 0.476
 0.837         26431.5              -79.5                 0.476
 0.838         26431.5              -79.5                 0.476
 0.839         26431.5              -79.5                 0.476
 0.840         26431.5              -79.5                 0.476
 0.841         26431.5              -79.5                 0.476
 0.842         26431.5              -79.5                 0.476
 0.843         26431.5              -79.5                 0.476
 0.844         26431.5              -79.5                 0.476
 0.845         26431.5              -79.5                 0.476
 0.846         26431.5              -79.5                 0.476
 0.847         26431.5              -79.5                 0.476
 0.848         26431.5              -79.5                 0.476
 0.849         26431.5              -79.5                 0.476
 0.850         26431.5              -79.5                 0.476
 0.851         26431.5              -79.5                 0.476
 0.852         26431.5              -79.5                 0.476
 0.853         26431.5              -79.5                 0.476
 0.854         26431.5              -79.5                 0.476
 0.855         26431.5              -79.5                 0.476
 0.856         26431.5              -79.5                 0.476
 0.857         26431.5              -79.5                 0.476
 0.858         26431.5              -79.5                 0.476
 0.859         26431.5              -79.5                 0.476
 0.860         26431.5              -79.5                 0.476
 0.861         26431.5              -79.5                 0.476
 0.862         26431.5              -79.5                 0.476
 0.863         26431.5              -79.5                 0.476
 0.864         26431.5              -79.5                 0.476
 0.865         26431.5              -79.5                 0.476
 0.866         26431.5              -79.5                 0.476
 0.867         26431.5              -79.5                 0.476
 0.868         26431.5              -79.5                 0.476
 0.869         26431.5              -79.5                 0.476
 0.870         26431.5              -79.5                 0.476
 0.871         26431.5              -79.5                 0.476
 0.872         26431.5              -79.5                 0.476
 0.873         26431.5              -79.5                 0.476
 0.874         26431.5              -79.5                 0.476
 0.875         26431.5              -79.5                 0.476
 0.876         26431.5              -79.5                 0.476
 0.877         26431.5              -79.5                 0.476
 0.878         26431.5              -79.5                 0.476
 0.879         26431.5              -79.5                 0.476
 0.880         26431.5              -79.5                 0.476
 0.881         26431.5              -79.5                 0.476
 0.882         26431.5              -79.5                 0.476
 0.883         26431.5              -79.5                 0.476
 0.884         26431.5              -79.5                 0.476
 0.885         26431.5              -79.5                 0.476
 0.886         26431.5              -79.5                 0.476
 0.887         26431.5              -79.5                 0.476
 0.888         26431.5              -79.5                 0.476
 0.889         26431.5              -79.5                 0.476
 0.890         26431.5              -79.5                 0.476
 0.891         26431.5              -79.5                 0.476
 0.892         26431.5              -79.5                 0.476
 0.893         26431.5              -79.5                 0.476
 0.894         26431.5              -79.5                 0.476
 0.895         26431.5              -79.5                 0.476
 0.896         26431.5              -79.5                 0.476
 0.897         26431.5              -79.5                 0.476
 0.898         26431.5              -79.5                 0.476
 0.899         26431.5              -79.5                 0.476
 0.900         26431.5              -79.5                 0.476
 0.901         26431.5              -79.5                 0.476
 0.902         26431.5              -79.5                 0.476
 0.903         26431.5              -79.5                 0.476
 0.904         26431.5              -79.5                 0.476
 0.905         26431.5              -79.5                 0.476
 0.906         26431.5              -79.5                 0.476
 0.907         26431.5              -79.5                 0.476
 0.908         26431.5              -79.5                 0.476
 0.909         26431.5              -79.5                 0.476
 0.910         26431.5              -79.5                 0.476
 0.911         26431.5              -79.5                 0.476
 0.912         26431.5              -79.5                 0.476
 0.913         26431.5              -79.5                 0.476
 0.914         26431.5              -79.5                 0.476
 0.915         26431.5              -79.5                 0.476
 0.916         26431.5              -79.5                 0.476
 0.917         26431.5              -79.5                 0.476
 0.918         26431.5              -79.5                 0.476
 0.919         26431.5              -79.5                 0.476
 0.920         26431.5              -79.5                 0.476
 0.921         26431.5              -79.5                 0.476
 0.922         26431.5              -79.5                 0.476
 0.923         26431.5              -79.5                 0.476
 0.924         26431.5              -79.5                 0.476
 0.925         26431.5              -79.5                 0.476
 0.926         26431.5              -79.5                 0.476
 0.927         26431.5              -79.5                 0.476
 0.928         26431.5              -79.5                 0.476
 0.929         26431.5              -79.5                 0.476
 0.930         26431.5              -79.5                 0.476
 0.931         26431.5              -79.5                 0.476
 0.932         26431.5              -79.5                 0.476
 0.933         26431.5              -79.5                 0.476
 0.934         26431.5              -79.5                 0.476
 0.935         26431.5              -79.5                 0.476
 0.936         26431.5              -79.5                 0.476
 0.937         26431.5              -79.5                 0.476
 0.938         26431.5              -79.5                 0.476
 0.939         26431.5              -79.5                 0.476
 0.940         26431.5              -79.5                 0.476
 0.941         26431.5              -79.5                 0.476
 0.942         26431.5              -79.5                 0.476
 0.943         26431.5              -79.5                 0.476
 0.944         26431.5              -79.5                 0.476
 0.945         26431.5              -79.5                 0.476
 0.946         26431.5              -79.5                 0.476
 0.947         26431.5              -79.5                 0.476
 0.948         26431.5              -79.5                 0.476
 0.949         26431.5              -79.5                 0.476
 0.950         26431.5              -79.5                 0.476
 0.951         26431.5              -79.5                 0.476
 0.952         26431.5              -79.5                 0.476
 0.953         26431.5              -79.5                 0.476
 0.954         26431.5              -79.5                 0.476
 0.955         26431.5              -79.5                 0.476
 0.956         26431.5              -79.5                 0.476
 0.957         26431.5              -79.5                 0.476
 0.958         26431.5              -79.5                 0.476
 0.959         26431.5              -79.5                 0.476
 0.960         26431.5              -79.5                 0.476
 0.961         26431.5              -79.5                 0.476
 0.962         26431.5              -79.5                 0.476
 0.963         26431.5              -79.5                 0.476
 0.964         26431.5              -79.5                 0.476
 0.965         26431.5              -79.5                 0.476
 0.966         26431.5              -79.5                 0.476
 0.967         26431.5              -79.5                 0.476
 0.968         26431.5              -79.5                 0.476
 0.969         26431.5              -79.5                 0.476
 0.970         26431.5              -79.5                 0.476
 0.971         26431.5              -79.5                 0.476
 0.972         26431.5              -79.5                 0.476
 0.973         26431.5              -79.5                 0.476
 0.974         26431.5              -79.5                 0.476
 0.975         26431.5              -79.5                 0.476
 0.976         26431.5              -79.5                 0.476
 0.977         26431.5              -79.5                 0.476
 0.978         26431.5              -79.5                 0.476
 0.979         26431.5              -79.5                 0.476
 0.980         26431.5              -79.5                 0.476
 0.981         26431.5              -79.5                 0.476
 0.982         26431.5              -79.5                 0.476
 0.983         26431.5              -79.5                 0.476
 0.984         26431.5              -79.5                 0.476
 0.985         26431.5              -79.5                 0.476
 0.986         26431.5              -79.5                 0.476
 0.987         26431.5              -79.5                 0.476
 0.988         26431.5              -79.5                 0.476
 0.989         26431.5              -79.5                 0.476
 0.990         26431.5              -79.5                 0.476
 0.991         26431.5              -79.5                 0.476
 0.992         26431.5              -79.5                 0.476
 0.993         26431.5              -79.5                 0.476
 0.994         26431.5              -79.5                 0.476
 0.995         26431.5              -79.5                 0.476
 0.996         26431.5              -79.5                 0.476
 0.997         26431.5              -79.5                 0.476
 0.998         26431.5              -79.5                 0.476
 0.999         26431.5              -79.5                 0.476
 1.000         26431.5              -79.5                 0.476
